0
= 41 0 -40538494
+ -361880749 -1 715256984
+ -1 -1754963539 -1
+ -1 -1 -1
+ -1 -1 -1
+ -1 -1 -1
? -981006587
+ -1 -1 -1
+ -1 -1 -1
+ -1330354793 -1 -1
= 0 53 -1366029804
+ -1 -1 -1
? 1474290098
+ -1 -1 -1
+ -1 -1 -673178852
+ -1 -2020482196 -840371279
+ -1 1582836571 -1
+ -1 -1 -1293587177
+ -1 -1 -1
+ -312936972 -1 -1
= -2 29 1116906106
+ -1 -1 -1
+ -1 -1 -1487952994
+ -1 -1 -1
+ 360964829 -1 -1
+ 1199856114 -1 -1
+ -1 -1 -1
+ -1 -1 -1
+ -1 -191628097 -1
+ -1 -1 1739766401
= 0 100 -1270430367
+ -1 718515443 -1
+ -1118359842 -1 -1
+ -1 1696789670 -1
+ -1 -1040854526 -1
+ -1 -1 -1
+ 1061944416 -1 -1
+ -1 -1 -1
? -1628826418
+ -1 -1 -1
= -1 81 -567074301
+ -1 1737695228 -1
+ -1 -1 -1
+ -1 -1 -1
+ -1 -1 -1
+ -1 -1 1235723181
+ -1 -1 -1
? -1767827358
+ -1 -1 -1
+ -1 1292776035 -1
= -88 0 -602937782
+ -1 -1 -1
+ -1 -1200736386 1206796254
+ -1 -1 -1
+ 507494044 -1 -1
+ -1 -1 -1
? -29887849
? 2120981637
+ 1689326931 1525260741 -1
+ -1 -1 -1
= -49 0 1443775847
? -405119478
+ -1 -1 -2038307496
+ -1 699267559 -640027757
+ 740693144 -1 1057501137
+ -1 -1 -1
+ -1 -1 -1
+ -1 -1 -1
+ -1 -1 -1
+ -1 -1 -1
= 70 0 1372935569
+ -1 -1 -1
? 276283022
+ 818344279 -1 -1
+ 473438830 1776338198 -1
+ 1919521503 -1 -1
? 1818469436
+ -1 2011781306 -1
+ -1 -1 -1
+ -1 -1 727773027
= 0 -72 -1609399000
+ 1376524520 1387760933 -1
+ -1 -1 -1
+ -1 -1 -1
? 540087392
+ -1 -1 -1639485194
+ 669210634 -1 -1
+ -1 1131895444 -1
+ -1 -1 -1
+ -1 -1 -1
= -50 0 -760562015
+ -1 8638474 -1
+ -1 -1232577860 -1
+ 388047900 -1 772477733
+ -1 162541470 -1
? 1811874512
+ -1 -1 -1
+ -1 -1 -1
? 1578035776
+ -1 -1 -1
= 0 0 -1049105053
+ -1 405941109 -1
? -1800990531
+ -1 -1 -1
+ 1667108304 -1 -1
+ -1 -1 -1
+ -1 -1 -1
+ 2099809992 298395115 -1
? 1800896844
? -611884406
= -1 13 1390888477
+ 899120616 -1 882439986
? -844057996
+ -1 -1 -1
? -723603551
+ -148674236 -847813182 -1
+ -1 -149596324 -1
+ -1 -1 -1
+ -1 -1 -1
+ -1 -1 -1
= -81 0 1833617346
+ -1 -1 -1
+ -1 -1 -1
+ -1 -1 -1
+ -1 -1 -2062007833
+ -164454275 -1 -1
+ -2143039996 -1 -1
+ -1 -1 -1
+ 1613524334 854927572 -1
+ -1 -1 -1
= 0 8 289554458
+ -868323493 -1 -1
+ -1574647677 -1 -1
+ -1 -1 1971599172
+ -1 -1 -1
+ -1 -1 -1
+ -1 -1 -1
+ -1 -326109452 -1
+ -1 -1 -1
? 1168174525
= -101811252 -885119265 1631068349
+ -1 -1 -1
+ 1911915329 90285234 -1
+ -1 -1 -1
+ 432112072 -1 -1
+ -1 -1 -1
+ -1 -1 -1476314755
? 137801232
+ -1 -1 -1
? 1783774444
= 61 0 -2026554728
+ -1 -1 -1
? -1475854803
? 174198715
? 114112701
+ -1 -1 -1
+ -1 -1057557507 -1
? 1451699303
+ 155286147 124925587 -1
? -1775680178
= -9 2 1455679805
+ -1 -784684283 -1
+ -1 -227308758 -2072320071
+ -1584842255 -1 -1
+ -1 -1 -107097029
+ 1741064150 -1 -1
? -1715612122
+ -1 -1 -1
? -1431607474
+ -1 -1 -1
= 0 99 -142711851
? 1847834760
+ -1 1776348546 -1
? -666139493
? 2058700108
+ -1 -1 -1
+ -1 -1 -1
? -1959736137
+ -1 -1 -1
+ -1132325061 -1 -1
= -85 0 -492474240
? -1206582697
+ -1 -1711696110 -240648399
+ -1 151515166 -1
+ -1 -1 -1
+ -1 -1714963721 -1
+ -486501621 -1 -1
+ -1 -1 1584110345
+ -1 -1610418679 -1
+ 808193407 -1 -1
= -59 0 -143187286
? -204570906
? 753254363
+ 1598898673 -1 -1
+ -1 -1 -1
+ -1 -1 -1
+ -1 -1 -1
+ -1 1095419196 -1
? -472039796
+ 1217342380 -1 -1951289963
= -2 23 -370563004
+ -1 -1 -1
+ -1 -1 -1
+ -1380656702 -1 -1
+ -1 -1 -1
+ -1 -1 987345698
+ -1 -1 -1
+ -1 -1 -1
? 574226326
? 1336836984
= -98 0 1588564244
+ -1 -1 -1
+ -1 -1977223524 -1
+ -1 973964162 -1
+ -1 -1 -693000633
+ -1 2026286928 -1
+ -1 -1 1750069354
+ -1 1827796278 -1
+ -1 -1834885720 1572650609
+ -1 -1 -1
= -1514707211 -1560541713 -1058173375
+ 1326506612 -715875223 -1
+ -1 -1 -1
+ -1796511812 -1 -1
+ -1 -1 -1
+ -1 -1 -1
+ -76870516 -1988140372 -349412131
+ -1 -1 -1
? -2007192981
+ -1 -1 -1
= 0 -31 -671573111
+ 2093655847 1618998425 -1
+ -1 -1 -1
+ -1 -1 -29672489
+ -1 -1 -271244347
+ -1 -1 -1
+ -1 -1 -1
+ -1 -1 -1
+ 1275205477 -1 -1445249110
+ 1622234778 -568176309 1247275929
= 946103261 1009907662 -1446497103
? -1675433107
+ -1 -1 -1
+ -1 -1 -1
? 1365730356
? 1767915744
? -91558372
+ -1 -1 -1
+ -1 -686482962 -1
+ -1 -1 -1
= 0 -81 1970489816
+ -1 -1 -658450424
+ -1 -1 -1
+ -1100714334 727375777 -1
+ -1 952453589 -1
+ -1 1984974017 -1
? -889377301
+ -1 294596306 573972691
+ -535357804 -1 -1
? -887914087
= -51 0 110498711
+ 978138585 -1 -1
+ -521502927 -986227270 -1
+ -1 -1 -1
+ 1758578342 -1 -1
+ -1 -1 -1
? -1746880874
? 1804831569
+ -1 1967556010 -1
+ -1 -1 -1
= 0 0 1919134021
? -1484802012
+ -1 -1098277154 -1
+ -1 -1 -1
? -1507965701
+ -1 -1 -1
+ -1 -1 -1
+ -1 -1340581825 -1
+ 932521401 -1 -1
? 2055008239
= 0 -45 48916606
+ -1 -1 -1
+ -1 -1 84539272
+ -1 2026453391 -1
+ -1 -190332033 -2053492036
? 2069367284
+ -1 1035770333 -1
+ -1551319377 -1 -1
+ -1 1899009973 -1
+ 65602635 -1 -1
= 0 29 284954790
+ -1 -1 -1
+ -1 -1 -1
+ -49502792 -1 -1
+ -1 -1 -1
+ 1580004668 -1 -1
+ -1 -1 -1
+ -1 -1 -1
+ 360175814 -1 -1
+ -1 1650381273 -1881774708
= 0 0 -871866452
+ -1 1888809990 -1
+ 1373446676 -1 -1
+ -1 -1 -1
+ -1 -1 -1
+ -1 -1012299484 -1
+ -1 -1 -1
+ -1 -1 -1
+ -1 -1 -1
+ -1 -629456917 -1
= 0 -45 -1435072247
+ -1 460922828 -1
+ -1 -1 -1
+ -1 -1 -1
+ -1 -1 -1
+ -1 -1 -1
+ -1 238921553 -1125486834
+ -1 -1 -1
? -1153908192
+ -1 -1 -1
= -100 0 952333504
+ -304178347 -1 -1
? -1966373981
? 783806959
+ -1 -1 -1777733707
+ -1 -1 -1
+ -1 -1811842330 -1
+ 1122892233 -1 -1
+ -1 -1 -1
+ -1 -1 -1
= 0 26 -1113376358
+ -1 -1 -1
? -1238509964
+ -1 -1 -1
+ -1 993079923 -545568753
+ -1 -1 -1
? -338305832
? 296601007
+ -1 -1 -1
+ -1 -1 -1
= 48 0 -1400326267
+ -1 -1 180156569
? 185976851
+ -1 -1 -1
+ -1 -1790241267 -1
+ -1 -1 -1
+ -1 -1 -1
+ -1 571173804 -1
+ -1 -1 -1
+ -775691790 -1 1329159994
= 0 0 355385390
+ -1 -1 -1
+ -1 -1 -1
+ -1 -1 -1
+ -1 -1 -1
+ -1 -1 -1
+ -1 -1 -1853428875
+ -1 -1 -1
+ -1891258554 -1977368273 -1
+ -1 -1 -1
= 0 0 -1147755045
+ -1 -1 -1
? -71367295
+ -1 2105880201 -1
+ -1 -1 -1
? 1636360902
+ -1 -1 -1
? -799196594
+ -1 -1 928963097
+ -1 -1 -1
= -64 0 1047641146
+ -1 -1 1631863939
+ -1 -1 -1
+ -1210737881 -629171579 -1
+ -1 -1 -1
+ -1 -1 -1
+ -1 -1 -1
+ -1 -1 -167566642
+ -1 -1 -1
+ 1395313086 -1 -1
= -70 1 1657626947
+ -1 -1 -1
+ -1 -1 -1
+ -1 -1858233716 -1583347550
+ -1873200781 -1 1272102376
+ 1894016455 -1474657306 -481830979
+ -893852046 1361409938 -1
+ -1 -1 -1
+ -1 -1 -1
+ 610870071 847184349 -1
= 0 52 -101842542
+ -1 -1 -1
+ -811179961 -1 -1
+ -1 -904156905 -2033856520
+ -1 -1 -1
? 1942147978
+ -1122574575 -1 -1
+ -1685941002 -1 -1
+ -1 -1 -1
? -1296005361
= 1353979123 1442774062 865841771
+ -1 -1 -148854018
+ -1 -1 -1
+ 1065659553 -1 1067112108
+ -1048245649 1492367987 -1
+ -1 -1 747387886
+ 358120952 -1 -1
+ -1 -1 -1
? 1788974549
+ -1 -1299242628 -1
= 0 0 -479309083
+ 31496698 -1 -1
+ -1 -1469801810 -1
+ -1 -1 -204473381
+ -1 -932213986 -1
+ -1 -1 -1
+ -1 -1 -1
? -1065723014
+ -1 -1 -1
+ -513757964 -1273081899 -1660595174
= 0 -90 -1682061245
+ -1 -1 -1
+ -1 1248316844 -1
? 85475861
? 1141217780
+ -1 -1 -1
? -606717751
+ -1 -1 -1
+ 1634355961 895543128 -1
+ -1 -1 -1
= 0 61 306105932
+ -1 -1 -1
+ -1966924778 -1 1345516113
? -2022979774
+ -296603819 -1 -1
+ -1 -1 1858701916
+ -570319555 1982603973 -1
+ -1 -1 -1
+ -1 244334625 -913388731
+ -1 -903031496 -1
= 0 80 -302909229
+ -1 712195662 -1
? -948775831
? -1322156098
+ 88629572 -1 223868794
+ -1 -1 -1
? 1179494980
? 661088192
? -203617994
+ -1 -1 -1
= -76 0 -537745047
+ -1746088296 -1 -1
+ -1 -1 -1
+ -1 -1 -1
+ -1 -1 559984795
? 1127125294
+ -2102175851 586471517 -1
+ -1 -1 -1
+ -1 462906496 -1
+ -1 -1 -1
= -2 21 -677255051
+ -1 -1 -1
+ -1 -1 -1
+ -1 -1 -1924177247
+ -1 -1 -1
? 1150274072
? -1872895254
+ -1 -1 -1
? 786583320
? -321760851
= 0 0 -947532385
? 1122922090
? 987754144
+ -1 -1 636579498
? 1258656736
+ -1 -1 -1
+ -1 -1 -1
+ -134501665 -459968733 255990952
+ -1 -1 -1
+ -1 -1 -1
= -48 2 -2095092718
+ -1 -1 -1
? 825796263
+ 1372418309 -1 -1
+ 1215336628 -1 -1
+ -1 -1 -1
? -1469741276
+ -1899635145 -1 -1
+ -1 1136732474 -1024797189
+ -1 -1 -1
= -7 0 -956277442
+ -1 -1 -1
+ -613097972 -1 -1
+ -115865683 -1 -1
+ -1 -1 -1
+ -1 -1 -1
+ -1 -1 -1
? -115499722
+ -1 -1 -1
+ 2110793717 -1 -1
= 0 -98 2022268936
+ 737690806 -1 -1
+ -1 -1 179411618
+ -1 -1 -1
+ -1 -1 -1582793187
+ -1 -1132508027 -1
+ -1 -1 -1
+ -1 -1 -1
+ -1 -1 -1
? 1774871577
= 0 72 1607359976
+ -1 -1 -1
? 1557194482
+ -1 252622671 -1
+ -1 -1 -1
+ -1 -1 -1
+ -1 -1 -1
+ -1 -1 -1
+ -1 -1 453671028
+ -1 88124484 -1
= 79 0 -2121171748
+ -1 -1770835423 -1
+ -1 -1 -1
+ 397530448 -1 -1
+ -627385404 -1 -1
+ -1 -514821377 -1
+ -1 -1 -1
+ -1 -1 369615084
+ -699965159 1914722993 -1
+ -1 -1 -1
= 0 26 1409271107
+ -1370682719 -1 -1
+ -8010817 -1 -1
+ -1 -1496198939 -1
? -748654993
+ -1 1818057865 -1
+ -1 -1 -1
+ -1 -1 -1
+ -1 -1 -1801560072
+ -1 -98051001 -1
= -163732814 -1654127928 1889716200
+ 639650610 -1 -1
+ 182218421 -292972717 -1
+ -1 -1 -1
+ -1 -1 -1474559702
+ -1 -1 -1
+ -1 -1 -1
? 1535178758
+ -1 -1 -1
+ -1 -1 -1
= -1 0 420238087
+ -1 -1 -66375243
+ 1544362959 -1 -1
+ -1 -1 -1
+ -1 -1834367178 -1234978783
+ 1630797015 -1 1604485462
+ 1980976583 -1 -1
+ -1 926159 1110214227
+ -1 -1 -1
+ -1 -1 -1
= 611062530 1458575158 132747172
+ -1 -1 1905297181
+ -1 -1472196409 -1
+ 163343947 -1 -1
+ 1999407095 -1 -1
+ -1 -1 -1127743404
+ 2009774983 -1 -1
+ -1 -1 -1
+ -1 835112286 -1
+ -1 -1 -1
= 27 0 -2072620042
+ -1 -1 -1
+ -1 -1 -1
+ 845291911 -1 -1
+ -1 -1 -1
+ 446842805 1343325813 -1
+ -1 -1 -1157607903
+ -1 -1 -1
+ -1 -1 -1
? -765869389
= -2 65 -569921067
+ -1 -1 -1
? 1181815446
+ -1 -1 -1
+ -1 -1 -1
? -234204569
? 937240404
+ -1 -1 -1
+ -1 -469812964 -1
+ -1 -1 -1
= -2 77 1530641668
+ -1 872613693 -1
+ 433565849 -1 -1
? -208701589
? -66577626
+ -1 -1 1274277445
+ -1788001896 -1 497238539
+ -1 540210822 59953109
+ -1 -1 -1
+ -1 -1 672176241
= -66 1 761573188
+ -1 -1 -1
+ -1 -1 -1
+ -1 -1 755464309
+ -1 -1 -1
+ -1 -1 -1
? 852943058
+ 290795815 -1148286953 113311543
+ -1 -640573544 -323782262
+ -1 -1 -1538566114
= 0 77 652049682
+ -1 915087446 -1
+ 2070022856 -1 -1
+ -294549436 -1 -1
+ 1944483259 -1 -1
+ -1 -1649381194 -1
+ -1 -1 2070998348
+ -1882585341 -1 -1
+ -1 594422336 -1
+ -1 -1 -1
= -87 0 -986745940
? 946106217
+ 608621289 -1 -1
+ -1 -1 -1
? 2066653743
? 212889016
+ -1 -1512978684 169746843
+ 1014811752 -1 -1
+ -1 -1 -1
+ -1 -1 -1
= 22 0 -998698016
? -793897776
+ -1 -1621028627 -1471338274
+ 1610751841 1312101184 -1
+ -1 1374257642 -1
+ -1 -1 -1
+ -44551466 -1 1094308484
+ -1 -1 -1
+ -1 -1 -1
+ -1 -1 -1
= 0 -85 792610703
+ -1 -1 -216350398
+ -1 -1 -1
+ -1 -1 -92912840
? 683482032
+ -1 -1 -1
+ -1 -1249800021 -1766491046
+ -1 -1 -1
? 1830452452
? -336155274
= 0 44 859568717
+ 1173471045 -1 -1
+ -1 -1 724754399
+ -1 -1 -1
? 1010654148
+ -1 -1 -1
+ -1 -641761615 -1
+ -341419216 -1 1197415460
+ -1 -1 563121227
+ -1 -1 -1
= 0 1 87402401
? 905797994
+ 1470480377 680545545 -1457370592
+ -1 -1 -2132060948
? 898068110
+ -1 -1 -1
+ -1 -347021615 -1
? 499943658
+ 914221259 -1 -1
+ -1 -1 -1
= 0 0 -1460772427
+ -1 -1 -1
? -677843721
+ -1 -1 -1
? -177965156
+ -1 -1 -1
+ -361567238 -1 -1
+ -1 -1 -1
+ -1 -1 -1
+ -1498605209 -1 -1
= -430989183 -969021904 1449525713
+ 1839781816 -1 -1
+ -1 -1 -1
+ -1172137737 -1 -1
? -553310516
+ -1 -1 -1
+ -1 -1 -1
? -1953441298
+ -1254418409 -1 -1
+ -1 -1 -1
= -190217982 -241357741 -1321594895
? -1639436342
+ -1 -1 -1
+ -1 -1 -1
+ -1 1674349599 -1
+ -1 -1 -1
+ -1535898164 -1 -1948094444
+ -1 -1 -1
+ -1 -1 401838304
+ -1 -805817412 -1
= -1 86 -1394838630
? -1036065087
? 1859774493
+ -1 -1 -1
? -1006866514
+ -1 -1241404727 -1
+ -1 -1 -1
? -1339257338
+ -1 -2046560922 -1
+ -1 -1 377615362
= -23 0 161691195
+ -1314523809 -1 -1
+ -97637405 -1829541987 -1
+ -1 -1 -1
+ -1 15951235 -1
+ -1 -1 -1
+ -1 -1 -1
+ -1 -1 -1
+ 1321167465 -1 -1
+ -413939813 -879746354 -1
= 13 0 1640720674
+ -1533438773 -1 -1
+ -1 1140271035 -26927070
+ 1486514701 -1 -2079098295
+ -1 -1 -1
+ 1621152113 -1 -1
+ -1 -1 -1
? 469668771
+ -1 -1 -1
+ -1 -1163835172 -1
= 0 22 1628387653
+ -143706012 -1 -1
+ -1 -1 -1
+ -1 -1 -1
+ -1 -1 -1
+ -1 -194987019 -1
+ 483433234 -1 1863369709
+ -1 -1 -1
+ -1 723012719 -1
? 2026135004
= 1333726523 1946599658 -833175892
+ -1 -1 -1
+ -1916910459 -1 -1
? -1252541245
+ -1 -1 -1
+ -1 -1 759287566
? 1420201986
+ -1 68661485 -1
? -744957439
+ -331637390 -1 -1
= -1 52 -1096115665
+ -1 -1 -1
+ 2031119206 -1 -1524064533
+ -1 -1 -1
+ -1 -1 707020829
? 1491607573
+ -1 -1 1423323441
+ -1109853265 -1 -1
+ -1 -524178130 -1
+ -1 -1 -1
= 0 73 1573270830
+ -461006781 -1 1399485225
+ -1 -1 -1
? -1596843663
+ -1 -1 1575460195
+ -1 -1 -1155742574
? -43316557
+ -1 -1 -482221645
+ -1113566446 2113468168 -1
+ -1 -1 -1
= 1644754742 1389426366 1753685972
+ -1 -1 593350595
? -1846142899
+ 1989323384 -1 -1
+ -1 -1 719741334
+ -1 -845047127 -1
+ -1 -1 -2049949758
+ -1 -1 -1
? 647986330
+ 21862786 -1 -1
= -31 0 992100788
? 531701854
+ -1856273321 -950755039 -1
+ -1 -1 -1
+ -1 -1 -1
+ -1 -1 -1
+ -1 -1 -1
? -1660117850
+ -1 -1 -1
? -672368683
= 0 53 1999043732
+ -1 -1 -1
+ -1 -1 -1
? -109058907
? -168390467
+ -1 -1 -1
+ -1 -1 -1
+ -1 -1 -1
+ -1 -1 -1
+ -1 -1 -1
= 14 0 -1515527799
+ -1 -1 -1
? 918137638
+ -1 -1 -1
+ -1 -1 -1
+ -1 -1 -1
+ -1 -1 -1
+ -1 -83896559 -1
+ -1 -1 -1
+ -1 -1 -1
= 0 77 1353715435
? -128816017
+ -1 -1 -1
? -745706519
+ -1438971567 -1 -1
+ 320626825 -1 -1
+ -1 -1 1814642528
+ -1 -1 -1
+ -1 -1 1112490532
+ -1 -1 -1
= 0 0 1496338424
+ -1 -1 -2041946105
+ -1 -1 -1
+ -1 -1912547025 -1
+ 1549575220 1099653878 -1
+ -1 1170261583 598547353
+ -1 1713554852 -1
+ -1725912100 -1 -1
? 1695074758
+ -1 -1 -1
= -52 0 -204489210
+ -1 -1 -1
+ -1 -1 -1
+ -1 39242363 -1
+ -1 -1007845383 -1
+ -202699918 863846201 -1
+ -1 1813513200 -1
+ -1 -1 -1
? 2050900470
+ -1 -1 -1
= 26 0 1410526963
+ -1 -1 -1
+ 1656810950 -1673170837 -1
? 812187508
+ 370288864 -1 -1
? 1586210433
+ -1891694814 162289229 -1
+ -1 -1 885396492
+ -1548007983 -1 -1
+ -1 -1 -1
= -1 74 -526897709
+ -1 -1 -1
+ -1 -1 -1646078846
+ 1157344551 22593224 -1
+ -1 -1 -1453334776
+ -1 -32408965 -1
+ -1 -1 -1
+ -1 -1 -1
+ -1 -1 -1
+ -96306026 -1 -2027695345
= 1379048637 528697570 -1760633215
? -836600205
+ -1 -1 -1
+ -1 -1441097111 1048920582
+ -1 -1 -1
? 1239643206
+ -1 -1 -1
+ -1 -1 -1
+ -1 -1 -1
+ -1 -1 -1
= 0 42 -1210557520
+ -1 -1 -1
+ -1 -1 -1
+ -1325503125 -1 -1
+ -1 -1 -1
? -1418890217
+ 471886632 1426265371 -1
+ -1 -929930964 -1
+ 464079882 -1 -1
+ 672205886 -1 -1
= 1883486214 9547118 -28942933
+ -1 -1712945229 -1
+ -1 -1 -1
+ 826586466 -791208422 -1
? -1138841519
+ -1 -1 -265498644
+ -1 -1 -1
? -1992611539
+ -1 -1987062919 -1
+ -1 -1 -1
= 0 -41 -182465374
+ -1 -1 -1
+ -1 -1 1667383937
+ -1 -1 -1
+ -1 -480735631 -1
+ -1 128409244 -1
+ 2004061762 -1 -1
+ -1 -1 -1
+ -1 -1 -1
+ -1 -1 -1638328784
= -39 0 -933384545
+ -1 -1 -1
+ -1 -1219052279 2114710926
? -585853514
+ -1 -1 -1
? 1649418625
+ -1 128879291 -1
+ -1652137334 -1 -1
+ -1645549353 -611021843 -1
+ -1 -1 -1
= 0 80 -294092491
+ -1 898097747 -283887600
+ -1 1275879280 -1
+ -1 -1 -1
+ -1 -1106869459 -1
+ -1 -1 183122139
+ -1157807853 -1 -1
+ -1 -1 -1
+ -1 -1 -1146195298
+ -1 -1 -1129578553
= 57 0 -760373715
+ 2047246531 -1 -1
+ -1748349432 256213494 -1
+ -149937129 -1 -1
+ 1449635151 -809225027 -1
? -1478519229
+ -1 -1 1576989614
+ -1 -1 -1
+ -1 -1968272190 -1
+ -1 -1 -1
= -13 0 486611571
+ -1633664792 -1 1912537702
+ -1 -1 -1
? -1340446589
? 1675444562
+ -1 -1 -1
+ -2896906 -1038212126 -1
+ -1 -1 -1
+ -1293223361 809591105 -1
+ -1 -1 -1
= 0 48 1603719938
+ -1 -1 -1
? -1965523630
+ -1 -1 -775992076
+ -1 -1 -1
+ -1 -1 -1
? 493375655
+ -1 -1 -121037997
+ -1 -1 -1
+ 1415563522 -1 -1
= -68 0 -968565933
+ -1 -1 -1
+ -1 -1 -1
+ -1 -1 -1
+ -1 -1 -1
+ 82403931 -56518262 -1
+ -1 -1 -1
+ -1 -1 -1
? -1759005311
? 1465737638
= 0 99 -125347552
? 729636438
+ -1 -1723101587 -1
+ 1072317059 -1 -1
+ -1 356666093 -1
+ -1 737473087 -1
+ 1519534129 -1 1396979267
+ 317347084 -1 -1
+ -1 -1 -1320346166
+ 773163441 -1 -1
= -1 20 -459647946
+ -1 -1 -1
? 739715849
+ -1027347780 1067035899 308124640
+ -1 -1 -1
+ -1 -1 -1
? 180964917
+ -1 -1 -1
? -1230306363
? -2073359399
= -27 0 1304166148
+ -1 986578821 -1
+ -1 -1 55428176
+ -1 -850738210 -1
+ -1 -1 -1
+ -1 -1 -403978298
+ -1 -1 -1
+ -1 -1 -1
+ 144723607 940838516 -1
+ -1 1435160298 -1
= -2 43 483178536
+ -1392853444 -1 -1
+ -1 -1 -1
+ -1 -1 -1
+ -1 -1 -1
+ -1 -1956754088 -1
+ -1 1009176424 -1
+ -1 -1 -1
+ -1 -1 -1
+ -1 -1 -1
